122050
122052
122053
122055
122057
122059
122061
122064
122066
122069
122070
122071
122080
122091
122100
122196
122206
122299
122300
122309
122310
122311
122312
122313
122314
122315
122316
122317
122318
122319
122320
122321
122322
122323
122324
122325
122326
122327
122328
122329
122330
122331
122332
122333
122334
122335
122336
122337
122338
122339
122340
122341
122342
122343
122344
122345
122346
122347
122348
122349
122350
122351
122352
122353
122354
122355
122356
122357
122358
122359
122360
122361
122362
122363
122385
122386
122387
122388
122389
122390
122391
122392
122393
122394
122395
122396
122397
122398
122399
122400
122401
122402
122403
122404
122405
122406
122407
122408
122409
122410
122411
122412
122413
122414
122415
122416
122417
122418
122419
122420
122421
122422
122423
122424
122425
122426
122532
122533
122534
122535
122536
122537
122538
122539
122540
122541
122542
122543
122544
122545
122546
122547
122548
122549
122550
122551
122552
137169
137203
137274
137275
137276
137277
137278
137279
137280
137281
137282
137283
137284
137285
137286
137287
137288
137289
137290
137291
137292
137293
137294
137298
137311
137335
137378