122047
122398
122546
122550
122386
122539
122540
122362
122397
122387
122532
122545
122551
122548
122547
122390
121811
121762
122070
121742
121764
122071
121758
121765
121759
121751
121748
121773
121772
121760
122055
121755
121740
121761
121745
121754
121753
121752
121767
121768
121769
121766
122064
122069
122059
121743
122061
121744
121903
121881
121884
121907
121906
121900
121750
121763
122050
122057
122053
121756
122066
121749
121741
121746
122322
122406
122422
122403
122411
122335
122330
137285
137291
122327
122331
122325
122333
122425
137294
137279
122424
122401
122423
122334
122332
137280
122337
137289
122399
122341
122009
121832
122014
121830
122044
121966
121818
121817
121822
121810
121812
121805
121819
122535
122385
122394
122388
122019
121824
122017
122043
121971
121972
122013
122018
121969
122538
122391
122389
122542
122549
122392
122537
122300
122361
122360
122533
122299
122320
122313
122321
122315
122317
122040
121815
121798
121809
122324
122323
122405
137293
122420
122409
122416
122410
137287
122408
137278
137275
122418
137290
137282
137292
122329
137288
122339
122328
122338
122015
122544
122534
122309
122351
122355
122311
122344
122363
122348
122347
122359
122318
122552
122543
122541
121837
122016
121970
122020
121979
122041
122042
122045
121835
122010
121965
121826
121828
121967
121980
122048
121983
121985
121836
122034
122032
121829
122008
121977
121981
122007
122030
121834
121827
121976
121838
122037
121982
122038
122031
122039
122011
121978
122029
121831
121833
122036
121984
121975
121846
121852
121847
121842
121848
121850
121849
121854
121851
121839
121860
121865
121861
121857
121856
121845
121843
121844
121855
121859
121858
121840
121862
121867
121864
121866
121868
121873
121871
121872
121869
121874
121870
121876
121877
121878
121894
121895
121896
121889
121897
121898
121890
121891
121893
121888
121883
121882
121908
121899
121879
121886
121885
121909
121902
121880
121887
121904
121905
122413
137286
137276
137283
122421
122345
122354
122352
122343
122349
122358
122357
122404
122419
122312
122350
122316
122314
122310
122356
122340
122414
122336
122407
137277
137274
121973
122012
121974
121806
122400
122342